T7Run1,1,0,0,0
T7Run2,1,0,0,1
T7Run3,1,0,0,2
T7Run4,1,0,0,3
T7Run5,1,0,0,4
T7Run6,1,0,0,5
T7Run7,1,0,0,6
T7Run8,1,0,1,0
T7Run9,1,0,1,1
T7Run10,1,0,1,2
T7Run11,1,0,1,3
T7Run12,1,0,1,4
T7Run13,1,0,1,5
T7Run14,1,0,1,6
T7Run15,1,0,2,0
T7Run16,1,0,2,1
T7Run17,1,0,2,2
T7Run18,1,0,2,3
T7Run19,1,0,2,4
T7Run20,1,0,2,5
T7Run21,1,0,2,6
T7Run22,1,1,0,0
T7Run23,1,1,0,1
T7Run24,1,1,0,2
T7Run25,1,1,0,3
T7Run26,1,1,0,4
T7Run27,1,1,0,5
T7Run28,1,1,0,6
T7Run29,1,1,1,0
T7Run30,1,1,1,1
T7Run31,1,1,1,2
T7Run32,1,1,1,3
T7Run33,1,1,1,4
T7Run34,1,1,1,5
T7Run35,1,1,1,6
T7Run36,1,1,2,0
T7Run37,1,1,2,1
T7Run38,1,1,2,2
T7Run39,1,1,2,3
T7Run40,1,1,2,4
T7Run41,1,1,2,5
T7Run42,1,1,2,6
T7Run43,1,2,0,0
T7Run44,1,2,0,1
T7Run45,1,2,0,2
T7Run46,1,2,0,3
T7Run47,1,2,0,4
T7Run48,1,2,0,5
T7Run49,1,2,0,6
T7Run50,1,2,1,0
T7Run51,1,2,1,1
T7Run52,1,2,1,2
T7Run53,1,2,1,3
T7Run54,1,2,1,4
T7Run55,1,2,1,5
T7Run56,1,2,1,6
T7Run57,1,2,2,0
T7Run58,1,2,2,1
T7Run59,1,2,2,2
T7Run60,1,2,2,3
T7Run61,1,2,2,4
T7Run62,1,2,2,5
T7Run63,1,2,2,6
T7Run64,1,3,0,0
T7Run65,1,3,0,1
T7Run66,1,3,0,2
T7Run67,1,3,0,3
T7Run68,1,3,0,4
T7Run69,1,3,0,5
T7Run70,1,3,0,6
T7Run71,1,3,1,0
T7Run72,1,3,1,1
T7Run73,1,3,1,2
T7Run74,1,3,1,3
T7Run75,1,3,1,4
T7Run76,1,3,1,5
T7Run77,1,3,1,6
T7Run78,1,3,2,0
T7Run79,1,3,2,1
T7Run80,1,3,2,2
T7Run81,1,3,2,3
T7Run82,1,3,2,4
T7Run83,1,3,2,5
T7Run84,1,3,2,6
T7Run85,1,4,0,0
T7Run86,1,4,0,1
T7Run87,1,4,0,2
T7Run88,1,4,0,3
T7Run89,1,4,0,4
T7Run90,1,4,0,5
T7Run91,1,4,0,6
T7Run92,1,4,1,0
T7Run93,1,4,1,1
T7Run94,1,4,1,2
T7Run95,1,4,1,3
T7Run96,1,4,1,4
T7Run97,1,4,1,5
T7Run98,1,4,1,6
T7Run99,1,4,2,0
T7Run100,1,4,2,1
T7Run101,1,4,2,2
T7Run102,1,4,2,3
T7Run103,1,4,2,4
T7Run104,1,4,2,5
T7Run105,1,4,2,6
T7Run106,2,0,0,0
T7Run107,2,0,0,1
T7Run108,2,0,0,2
T7Run109,2,0,0,3
T7Run110,2,0,0,4
T7Run111,2,0,0,5
T7Run112,2,0,0,6
T7Run113,2,0,1,0
T7Run114,2,0,1,1
T7Run115,2,0,1,2
T7Run116,2,0,1,3
T7Run117,2,0,1,4
T7Run118,2,0,1,5
T7Run119,2,0,1,6
T7Run120,2,0,2,0
T7Run121,2,0,2,1
T7Run122,2,0,2,2
T7Run123,2,0,2,3
T7Run124,2,0,2,4
T7Run125,2,0,2,5
T7Run126,2,0,2,6
T7Run127,2,1,0,0
T7Run128,2,1,0,1
T7Run129,2,1,0,2
T7Run130,2,1,0,3
T7Run131,2,1,0,4
T7Run132,2,1,0,5
T7Run133,2,1,0,6
T7Run134,2,1,1,0
T7Run135,2,1,1,1
T7Run136,2,1,1,2
T7Run137,2,1,1,3
T7Run138,2,1,1,4
T7Run139,2,1,1,5
T7Run140,2,1,1,6
T7Run141,2,1,2,0
T7Run142,2,1,2,1
T7Run143,2,1,2,2
T7Run144,2,1,2,3
T7Run145,2,1,2,4
T7Run146,2,1,2,5
T7Run147,2,1,2,6
T7Run148,2,2,0,0
T7Run149,2,2,0,1
T7Run150,2,2,0,2
T7Run151,2,2,0,3
T7Run152,2,2,0,4
T7Run153,2,2,0,5
T7Run154,2,2,0,6
T7Run155,2,2,1,0
T7Run156,2,2,1,1
T7Run157,2,2,1,2
T7Run158,2,2,1,3
T7Run159,2,2,1,4
T7Run160,2,2,1,5
T7Run161,2,2,1,6
T7Run162,2,2,2,0
T7Run163,2,2,2,1
T7Run164,2,2,2,2
T7Run165,2,2,2,3
T7Run166,2,2,2,4
T7Run167,2,2,2,5
T7Run168,2,2,2,6
T7Run169,2,3,0,0
T7Run170,2,3,0,1
T7Run171,2,3,0,2
T7Run172,2,3,0,3
T7Run173,2,3,0,4
T7Run174,2,3,0,5
T7Run175,2,3,0,6
T7Run176,2,3,1,0
T7Run177,2,3,1,1
T7Run178,2,3,1,2
T7Run179,2,3,1,3
T7Run180,2,3,1,4
T7Run181,2,3,1,5
T7Run182,2,3,1,6
T7Run183,2,3,2,0
T7Run184,2,3,2,1
T7Run185,2,3,2,2
T7Run186,2,3,2,3
T7Run187,2,3,2,4
T7Run188,2,3,2,5
T7Run189,2,3,2,6
T7Run190,2,4,0,0
T7Run191,2,4,0,1
T7Run192,2,4,0,2
T7Run193,2,4,0,3
T7Run194,2,4,0,4
T7Run195,2,4,0,5
T7Run196,2,4,0,6
T7Run197,2,4,1,0
T7Run198,2,4,1,1
T7Run199,2,4,1,2
T7Run200,2,4,1,3
T7Run201,2,4,1,4
T7Run202,2,4,1,5
T7Run203,2,4,1,6
T7Run204,2,4,2,0
T7Run205,2,4,2,1
T7Run206,2,4,2,2
T7Run207,2,4,2,3
T7Run208,2,4,2,4
T7Run209,2,4,2,5
T7Run210,2,4,2,6
T7Run211,3,0,0,0
T7Run212,3,0,0,1
T7Run213,3,0,0,2
T7Run214,3,0,0,3
T7Run215,3,0,0,4
T7Run216,3,0,0,5
T7Run217,3,0,0,6
T7Run218,3,0,1,0
T7Run219,3,0,1,1
T7Run220,3,0,1,2
T7Run221,3,0,1,3
T7Run222,3,0,1,4
T7Run223,3,0,1,5
T7Run224,3,0,1,6
T7Run225,3,0,2,0
T7Run226,3,0,2,1
T7Run227,3,0,2,2
T7Run228,3,0,2,3
T7Run229,3,0,2,4
T7Run230,3,0,2,5
T7Run231,3,0,2,6
T7Run232,3,1,0,0
T7Run233,3,1,0,1
T7Run234,3,1,0,2
T7Run235,3,1,0,3
T7Run236,3,1,0,4
T7Run237,3,1,0,5
T7Run238,3,1,0,6
T7Run239,3,1,1,0
T7Run240,3,1,1,1
T7Run241,3,1,1,2
T7Run242,3,1,1,3
T7Run243,3,1,1,4
T7Run244,3,1,1,5
T7Run245,3,1,1,6
T7Run246,3,1,2,0
T7Run247,3,1,2,1
T7Run248,3,1,2,2
T7Run249,3,1,2,3
T7Run250,3,1,2,4
T7Run251,3,1,2,5
T7Run252,3,1,2,6
T7Run253,3,2,0,0
T7Run254,3,2,0,1
T7Run255,3,2,0,2
T7Run256,3,2,0,3
T7Run257,3,2,0,4
T7Run258,3,2,0,5
T7Run259,3,2,0,6
T7Run260,3,2,1,0
T7Run261,3,2,1,1
T7Run262,3,2,1,2
T7Run263,3,2,1,3
T7Run264,3,2,1,4
T7Run265,3,2,1,5
T7Run266,3,2,1,6
T7Run267,3,2,2,0
T7Run268,3,2,2,1
T7Run269,3,2,2,2
T7Run270,3,2,2,3
T7Run271,3,2,2,4
T7Run272,3,2,2,5
T7Run273,3,2,2,6
T7Run274,3,3,0,0
T7Run275,3,3,0,1
T7Run276,3,3,0,2
T7Run277,3,3,0,3
T7Run278,3,3,0,4
T7Run279,3,3,0,5
T7Run280,3,3,0,6
T7Run281,3,3,1,0
T7Run282,3,3,1,1
T7Run283,3,3,1,2
T7Run284,3,3,1,3
T7Run285,3,3,1,4
T7Run286,3,3,1,5
T7Run287,3,3,1,6
T7Run288,3,3,2,0
T7Run289,3,3,2,1
T7Run290,3,3,2,2
T7Run291,3,3,2,3
T7Run292,3,3,2,4
T7Run293,3,3,2,5
T7Run294,3,3,2,6
T7Run295,3,4,0,0
T7Run296,3,4,0,1
T7Run297,3,4,0,2
T7Run298,3,4,0,3
T7Run299,3,4,0,4
T7Run300,3,4,0,5
T7Run301,3,4,0,6
T7Run302,3,4,1,0
T7Run303,3,4,1,1
T7Run304,3,4,1,2
T7Run305,3,4,1,3
T7Run306,3,4,1,4
T7Run307,3,4,1,5
T7Run308,3,4,1,6
T7Run309,3,4,2,0
T7Run310,3,4,2,1
T7Run311,3,4,2,2
T7Run312,3,4,2,3
T7Run313,3,4,2,4
T7Run314,3,4,2,5
T7Run315,3,4,2,6
T7Run316,4,0,0,0
T7Run317,4,0,0,1
T7Run318,4,0,0,2
T7Run319,4,0,0,3
T7Run320,4,0,0,4
T7Run321,4,0,0,5
T7Run322,4,0,0,6
T7Run323,4,0,1,0
T7Run324,4,0,1,1
T7Run325,4,0,1,2
T7Run326,4,0,1,3
T7Run327,4,0,1,4
T7Run328,4,0,1,5
T7Run329,4,0,1,6
T7Run330,4,0,2,0
T7Run331,4,0,2,1
T7Run332,4,0,2,2
T7Run333,4,0,2,3
T7Run334,4,0,2,4
T7Run335,4,0,2,5
T7Run336,4,0,2,6
T7Run337,4,1,0,0
T7Run338,4,1,0,1
T7Run339,4,1,0,2
T7Run340,4,1,0,3
T7Run341,4,1,0,4
T7Run342,4,1,0,5
T7Run343,4,1,0,6
T7Run344,4,1,1,0
T7Run345,4,1,1,1
T7Run346,4,1,1,2
T7Run347,4,1,1,3
T7Run348,4,1,1,4
T7Run349,4,1,1,5
T7Run350,4,1,1,6
T7Run351,4,1,2,0
T7Run352,4,1,2,1
T7Run353,4,1,2,2
T7Run354,4,1,2,3
T7Run355,4,1,2,4
T7Run356,4,1,2,5
T7Run357,4,1,2,6
T7Run358,4,2,0,0
T7Run359,4,2,0,1
T7Run360,4,2,0,2
T7Run361,4,2,0,3
T7Run362,4,2,0,4
T7Run363,4,2,0,5
T7Run364,4,2,0,6
T7Run365,4,2,1,0
T7Run366,4,2,1,1
T7Run367,4,2,1,2
T7Run368,4,2,1,3
T7Run369,4,2,1,4
T7Run370,4,2,1,5
T7Run371,4,2,1,6
T7Run372,4,2,2,0
T7Run373,4,2,2,1
T7Run374,4,2,2,2
T7Run375,4,2,2,3
T7Run376,4,2,2,4
T7Run377,4,2,2,5
T7Run378,4,2,2,6
T7Run379,4,3,0,0
T7Run380,4,3,0,1
T7Run381,4,3,0,2
T7Run382,4,3,0,3
T7Run383,4,3,0,4
T7Run384,4,3,0,5
T7Run385,4,3,0,6
T7Run386,4,3,1,0
T7Run387,4,3,1,1
T7Run388,4,3,1,2
T7Run389,4,3,1,3
T7Run390,4,3,1,4
T7Run391,4,3,1,5
T7Run392,4,3,1,6
T7Run393,4,3,2,0
T7Run394,4,3,2,1
T7Run395,4,3,2,2
T7Run396,4,3,2,3
T7Run397,4,3,2,4
T7Run398,4,3,2,5
T7Run399,4,3,2,6
T7Run400,4,4,0,0
T7Run401,4,4,0,1
T7Run402,4,4,0,2
T7Run403,4,4,0,3
T7Run404,4,4,0,4
T7Run405,4,4,0,5
T7Run406,4,4,0,6
T7Run407,4,4,1,0
T7Run408,4,4,1,1
T7Run409,4,4,1,2
T7Run410,4,4,1,3
T7Run411,4,4,1,4
T7Run412,4,4,1,5
T7Run413,4,4,1,6
T7Run414,4,4,2,0
T7Run415,4,4,2,1
T7Run416,4,4,2,2
T7Run417,4,4,2,3
T7Run418,4,4,2,4
T7Run419,4,4,2,5
T7Run420,4,4,2,6
