Run 1,1,1,1,1
Run 2,1,1,1,2
Run 3,1,1,1,3
Run 4,1,1,1,4
Run 5,1,1,1,5
Run 6,1,1,1,6
Run 7,1,1,1,7
Run 8,1,1,2,1
Run 9,1,1,2,2
Run 10,1,1,2,3
Run 11,1,1,2,4
Run 12,1,1,2,5
Run 13,1,1,2,6
Run 14,1,1,2,7
Run 15,1,1,3,1
Run 16,1,1,3,2
Run 17,1,1,3,3
Run 18,1,1,3,4
Run 19,1,1,3,5
Run 20,1,1,3,6
Run 21,1,1,3,7
Run 22,1,2,1,1
Run 23,1,2,1,2
Run 24,1,2,1,3
Run 25,1,2,1,4
Run 26,1,2,1,5
Run 27,1,2,1,6
Run 28,1,2,1,7
Run 29,1,2,2,1
Run 30,1,2,2,2
Run 31,1,2,2,3
Run 32,1,2,2,4
Run 33,1,2,2,5
Run 34,1,2,2,6
Run 35,1,2,2,7
Run 36,1,2,3,1
Run 37,1,2,3,2
Run 38,1,2,3,3
Run 39,1,2,3,4
Run 40,1,2,3,5
Run 41,1,2,3,6
Run 42,1,2,3,7
Run 43,1,3,1,1
Run 44,1,3,1,2
Run 45,1,3,1,3
Run 46,1,3,1,4
Run 47,1,3,1,5
Run 48,1,3,1,6
Run 49,1,3,1,7
Run 50,1,3,2,1
Run 51,1,3,2,2
Run 52,1,3,2,3
Run 53,1,3,2,4
Run 54,1,3,2,5
Run 55,1,3,2,6
Run 56,1,3,2,7
Run 57,1,3,3,1
Run 58,1,3,3,2
Run 59,1,3,3,3
Run 60,1,3,3,4
Run 61,1,3,3,5
Run 62,1,3,3,6
Run 63,1,3,3,7
Run 64,1,4,1,1
Run 65,1,4,1,2
Run 66,1,4,1,3
Run 67,1,4,1,4
Run 68,1,4,1,5
Run 69,1,4,1,6
Run 70,1,4,1,7
Run 71,1,4,2,1
Run 72,1,4,2,2
Run 73,1,4,2,3
Run 74,1,4,2,4
Run 75,1,4,2,5
Run 76,1,4,2,6
Run 77,1,4,2,7
Run 78,1,4,3,1
Run 79,1,4,3,2
Run 80,1,4,3,3
Run 81,1,4,3,4
Run 82,1,4,3,5
Run 83,1,4,3,6
Run 84,1,4,3,7
Run 85,1,5,1,1
Run 86,1,5,1,2
Run 87,1,5,1,3
Run 88,1,5,1,4
Run 89,1,5,1,5
Run 90,1,5,1,6
Run 91,1,5,1,7
Run 92,1,5,2,1
Run 93,1,5,2,2
Run 94,1,5,2,3
Run 95,1,5,2,4
Run 96,1,5,2,5
Run 97,1,5,2,6
Run 98,1,5,2,7
Run 99,1,5,3,1
Run 100,1,5,3,2
Run 101,1,5,3,3
Run 102,1,5,3,4
Run 103,1,5,3,5
Run 104,1,5,3,6
Run 105,1,5,3,7
Run 106,2,1,1,1
Run 107,2,1,1,2
Run 108,2,1,1,3
Run 109,2,1,1,4
Run 110,2,1,1,5
Run 111,2,1,1,6
Run 112,2,1,1,7
Run 113,2,1,2,1
Run 114,2,1,2,2
Run 115,2,1,2,3
Run 116,2,1,2,4
Run 117,2,1,2,5
Run 118,2,1,2,6
Run 119,2,1,2,7
Run 120,2,1,3,1
Run 121,2,1,3,2
Run 122,2,1,3,3
Run 123,2,1,3,4
Run 124,2,1,3,5
Run 125,2,1,3,6
Run 126,2,1,3,7
Run 127,2,2,1,1
Run 128,2,2,1,2
Run 129,2,2,1,3
Run 130,2,2,1,4
Run 131,2,2,1,5
Run 132,2,2,1,6
Run 133,2,2,1,7
Run 134,2,2,2,1
Run 135,2,2,2,2
Run 136,2,2,2,3
Run 137,2,2,2,4
Run 138,2,2,2,5
Run 139,2,2,2,6
Run 140,2,2,2,7
Run 141,2,2,3,1
Run 142,2,2,3,2
Run 143,2,2,3,3
Run 144,2,2,3,4
Run 145,2,2,3,5
Run 146,2,2,3,6
Run 147,2,2,3,7
Run 148,2,3,1,1
Run 149,2,3,1,2
Run 150,2,3,1,3
Run 151,2,3,1,4
Run 152,2,3,1,5
Run 153,2,3,1,6
Run 154,2,3,1,7
Run 155,2,3,2,1
Run 156,2,3,2,2
Run 157,2,3,2,3
Run 158,2,3,2,4
Run 159,2,3,2,5
Run 160,2,3,2,6
Run 161,2,3,2,7
Run 162,2,3,3,1
Run 163,2,3,3,2
Run 164,2,3,3,3
Run 165,2,3,3,4
Run 166,2,3,3,5
Run 167,2,3,3,6
Run 168,2,3,3,7
Run 169,2,4,1,1
Run 170,2,4,1,2
Run 171,2,4,1,3
Run 172,2,4,1,4
Run 173,2,4,1,5
Run 174,2,4,1,6
Run 175,2,4,1,7
Run 176,2,4,2,1
Run 177,2,4,2,2
Run 178,2,4,2,3
Run 179,2,4,2,4
Run 180,2,4,2,5
Run 181,2,4,2,6
Run 182,2,4,2,7
Run 183,2,4,3,1
Run 184,2,4,3,2
Run 185,2,4,3,3
Run 186,2,4,3,4
Run 187,2,4,3,5
Run 188,2,4,3,6
Run 189,2,4,3,7
Run 190,2,5,1,1
Run 191,2,5,1,2
Run 192,2,5,1,3
Run 193,2,5,1,4
Run 194,2,5,1,5
Run 195,2,5,1,6
Run 196,2,5,1,7
Run 197,2,5,2,1
Run 198,2,5,2,2
Run 199,2,5,2,3
Run 200,2,5,2,4
Run 201,2,5,2,5
Run 202,2,5,2,6
Run 203,2,5,2,7
Run 204,2,5,3,1
Run 205,2,5,3,2
Run 206,2,5,3,3
Run 207,2,5,3,4
Run 208,2,5,3,5
Run 209,2,5,3,6
Run 210,2,5,3,7
Run 211,3,1,1,1
Run 212,3,1,1,2
Run 213,3,1,1,3
Run 214,3,1,1,4
Run 215,3,1,1,5
Run 216,3,1,1,6
Run 217,3,1,1,7
Run 218,3,1,2,1
Run 219,3,1,2,2
Run 220,3,1,2,3
Run 221,3,1,2,4
Run 222,3,1,2,5
Run 223,3,1,2,6
Run 224,3,1,2,7
Run 225,3,1,3,1
Run 226,3,1,3,2
Run 227,3,1,3,3
Run 228,3,1,3,4
Run 229,3,1,3,5
Run 230,3,1,3,6
Run 231,3,1,3,7
Run 232,3,2,1,1
Run 233,3,2,1,2
Run 234,3,2,1,3
Run 235,3,2,1,4
Run 236,3,2,1,5
Run 237,3,2,1,6
Run 238,3,2,1,7
Run 239,3,2,2,1
Run 240,3,2,2,2
Run 241,3,2,2,3
Run 242,3,2,2,4
Run 243,3,2,2,5
Run 244,3,2,2,6
Run 245,3,2,2,7
Run 246,3,2,3,1
Run 247,3,2,3,2
Run 248,3,2,3,3
Run 249,3,2,3,4
Run 250,3,2,3,5
Run 251,3,2,3,6
Run 252,3,2,3,7
Run 253,3,3,1,1
Run 254,3,3,1,2
Run 255,3,3,1,3
Run 256,3,3,1,4
Run 257,3,3,1,5
Run 258,3,3,1,6
Run 259,3,3,1,7
Run 260,3,3,2,1
Run 261,3,3,2,2
Run 262,3,3,2,3
Run 263,3,3,2,4
Run 264,3,3,2,5
Run 265,3,3,2,6
Run 266,3,3,2,7
Run 267,3,3,3,1
Run 268,3,3,3,2
Run 269,3,3,3,3
Run 270,3,3,3,4
Run 271,3,3,3,5
Run 272,3,3,3,6
Run 273,3,3,3,7
Run 274,3,4,1,1
Run 275,3,4,1,2
Run 276,3,4,1,3
Run 277,3,4,1,4
Run 278,3,4,1,5
Run 279,3,4,1,6
Run 280,3,4,1,7
Run 281,3,4,2,1
Run 282,3,4,2,2
Run 283,3,4,2,3
Run 284,3,4,2,4
Run 285,3,4,2,5
Run 286,3,4,2,6
Run 287,3,4,2,7
Run 288,3,4,3,1
Run 289,3,4,3,2
Run 290,3,4,3,3
Run 291,3,4,3,4
Run 292,3,4,3,5
Run 293,3,4,3,6
Run 294,3,4,3,7
Run 295,3,5,1,1
Run 296,3,5,1,2
Run 297,3,5,1,3
Run 298,3,5,1,4
Run 299,3,5,1,5
Run 300,3,5,1,6
Run 301,3,5,1,7
Run 302,3,5,2,1
Run 303,3,5,2,2
Run 304,3,5,2,3
Run 305,3,5,2,4
Run 306,3,5,2,5
Run 307,3,5,2,6
Run 308,3,5,2,7
Run 309,3,5,3,1
Run 310,3,5,3,2
Run 311,3,5,3,3
Run 312,3,5,3,4
Run 313,3,5,3,5
Run 314,3,5,3,6
Run 315,3,5,3,7
