T5Run1,1,0,0,0
T5Run2,1,0,0,1
T5Run3,1,0,0,2
T5Run4,1,0,0,3
T5Run5,1,0,0,4
T5Run6,1,0,0,5
T5Run7,1,0,0,6
T5Run8,1,0,1,0
T5Run9,1,0,1,1
T5Run10,1,0,1,2
T5Run11,1,0,1,3
T5Run12,1,0,1,4
T5Run13,1,0,1,5
T5Run14,1,0,1,6
T5Run15,1,0,2,0
T5Run16,1,0,2,1
T5Run17,1,0,2,2
T5Run18,1,0,2,3
T5Run19,1,0,2,4
T5Run20,1,0,2,5
T5Run21,1,0,2,6
T5Run22,1,1,0,0
T5Run23,1,1,0,1
T5Run24,1,1,0,2
T5Run25,1,1,0,3
T5Run26,1,1,0,4
T5Run27,1,1,0,5
T5Run28,1,1,0,6
T5Run29,1,1,1,0
T5Run30,1,1,1,1
T5Run31,1,1,1,2
T5Run32,1,1,1,3
T5Run33,1,1,1,4
T5Run34,1,1,1,5
T5Run35,1,1,1,6
T5Run36,1,1,2,0
T5Run37,1,1,2,1
T5Run38,1,1,2,2
T5Run39,1,1,2,3
T5Run40,1,1,2,4
T5Run41,1,1,2,5
T5Run42,1,1,2,6
T5Run43,1,2,0,0
T5Run44,1,2,0,1
T5Run45,1,2,0,2
T5Run46,1,2,0,3
T5Run47,1,2,0,4
T5Run48,1,2,0,5
T5Run49,1,2,0,6
T5Run50,1,2,1,0
T5Run51,1,2,1,1
T5Run52,1,2,1,2
T5Run53,1,2,1,3
T5Run54,1,2,1,4
T5Run55,1,2,1,5
T5Run56,1,2,1,6
T5Run57,1,2,2,0
T5Run58,1,2,2,1
T5Run59,1,2,2,2
T5Run60,1,2,2,3
T5Run61,1,2,2,4
T5Run62,1,2,2,5
T5Run63,1,2,2,6
T5Run64,1,3,0,0
T5Run65,1,3,0,1
T5Run66,1,3,0,2
T5Run67,1,3,0,3
T5Run68,1,3,0,4
T5Run69,1,3,0,5
T5Run70,1,3,0,6
T5Run71,1,3,1,0
T5Run72,1,3,1,1
T5Run73,1,3,1,2
T5Run74,1,3,1,3
T5Run75,1,3,1,4
T5Run76,1,3,1,5
T5Run77,1,3,1,6
T5Run78,1,3,2,0
T5Run79,1,3,2,1
T5Run80,1,3,2,2
T5Run81,1,3,2,3
T5Run82,1,3,2,4
T5Run83,1,3,2,5
T5Run84,1,3,2,6
T5Run85,1,4,0,0
T5Run86,1,4,0,1
T5Run87,1,4,0,2
T5Run88,1,4,0,3
T5Run89,1,4,0,4
T5Run90,1,4,0,5
T5Run91,1,4,0,6
T5Run92,1,4,1,0
T5Run93,1,4,1,1
T5Run94,1,4,1,2
T5Run95,1,4,1,3
T5Run96,1,4,1,4
T5Run97,1,4,1,5
T5Run98,1,4,1,6
T5Run99,1,4,2,0
T5Run100,1,4,2,1
T5Run101,1,4,2,2
T5Run102,1,4,2,3
T5Run103,1,4,2,4
T5Run104,1,4,2,5
T5Run105,1,4,2,6
T5Run106,2,0,0,0
T5Run107,2,0,0,1
T5Run108,2,0,0,2
T5Run109,2,0,0,3
T5Run110,2,0,0,4
T5Run111,2,0,0,5
T5Run112,2,0,0,6
T5Run113,2,0,1,0
T5Run114,2,0,1,1
T5Run115,2,0,1,2
T5Run116,2,0,1,3
T5Run117,2,0,1,4
T5Run118,2,0,1,5
T5Run119,2,0,1,6
T5Run120,2,0,2,0
T5Run121,2,0,2,1
T5Run122,2,0,2,2
T5Run123,2,0,2,3
T5Run124,2,0,2,4
T5Run125,2,0,2,5
T5Run126,2,0,2,6
T5Run127,2,1,0,0
T5Run128,2,1,0,1
T5Run129,2,1,0,2
T5Run130,2,1,0,3
T5Run131,2,1,0,4
T5Run132,2,1,0,5
T5Run133,2,1,0,6
T5Run134,2,1,1,0
T5Run135,2,1,1,1
T5Run136,2,1,1,2
T5Run137,2,1,1,3
T5Run138,2,1,1,4
T5Run139,2,1,1,5
T5Run140,2,1,1,6
T5Run141,2,1,2,0
T5Run142,2,1,2,1
T5Run143,2,1,2,2
T5Run144,2,1,2,3
T5Run145,2,1,2,4
T5Run146,2,1,2,5
T5Run147,2,1,2,6
T5Run148,2,2,0,0
T5Run149,2,2,0,1
T5Run150,2,2,0,2
T5Run151,2,2,0,3
T5Run152,2,2,0,4
T5Run153,2,2,0,5
T5Run154,2,2,0,6
T5Run155,2,2,1,0
T5Run156,2,2,1,1
T5Run157,2,2,1,2
T5Run158,2,2,1,3
T5Run159,2,2,1,4
T5Run160,2,2,1,5
T5Run161,2,2,1,6
T5Run162,2,2,2,0
T5Run163,2,2,2,1
T5Run164,2,2,2,2
T5Run165,2,2,2,3
T5Run166,2,2,2,4
T5Run167,2,2,2,5
T5Run168,2,2,2,6
T5Run169,2,3,0,0
T5Run170,2,3,0,1
T5Run171,2,3,0,2
T5Run172,2,3,0,3
T5Run173,2,3,0,4
T5Run174,2,3,0,5
T5Run175,2,3,0,6
T5Run176,2,3,1,0
T5Run177,2,3,1,1
T5Run178,2,3,1,2
T5Run179,2,3,1,3
T5Run180,2,3,1,4
T5Run181,2,3,1,5
T5Run182,2,3,1,6
T5Run183,2,3,2,0
T5Run184,2,3,2,1
T5Run185,2,3,2,2
T5Run186,2,3,2,3
T5Run187,2,3,2,4
T5Run188,2,3,2,5
T5Run189,2,3,2,6
T5Run190,2,4,0,0
T5Run191,2,4,0,1
T5Run192,2,4,0,2
T5Run193,2,4,0,3
T5Run194,2,4,0,4
T5Run195,2,4,0,5
T5Run196,2,4,0,6
T5Run197,2,4,1,0
T5Run198,2,4,1,1
T5Run199,2,4,1,2
T5Run200,2,4,1,3
T5Run201,2,4,1,4
T5Run202,2,4,1,5
T5Run203,2,4,1,6
T5Run204,2,4,2,0
T5Run205,2,4,2,1
T5Run206,2,4,2,2
T5Run207,2,4,2,3
T5Run208,2,4,2,4
T5Run209,2,4,2,5
T5Run210,2,4,2,6
T5Run211,3,0,0,0
T5Run212,3,0,0,1
T5Run213,3,0,0,2
T5Run214,3,0,0,3
T5Run215,3,0,0,4
T5Run216,3,0,0,5
T5Run217,3,0,0,6
T5Run218,3,0,1,0
T5Run219,3,0,1,1
T5Run220,3,0,1,2
T5Run221,3,0,1,3
T5Run222,3,0,1,4
T5Run223,3,0,1,5
T5Run224,3,0,1,6
T5Run225,3,0,2,0
T5Run226,3,0,2,1
T5Run227,3,0,2,2
T5Run228,3,0,2,3
T5Run229,3,0,2,4
T5Run230,3,0,2,5
T5Run231,3,0,2,6
T5Run232,3,1,0,0
T5Run233,3,1,0,1
T5Run234,3,1,0,2
T5Run235,3,1,0,3
T5Run236,3,1,0,4
T5Run237,3,1,0,5
T5Run238,3,1,0,6
T5Run239,3,1,1,0
T5Run240,3,1,1,1
T5Run241,3,1,1,2
T5Run242,3,1,1,3
T5Run243,3,1,1,4
T5Run244,3,1,1,5
T5Run245,3,1,1,6
T5Run246,3,1,2,0
T5Run247,3,1,2,1
T5Run248,3,1,2,2
T5Run249,3,1,2,3
T5Run250,3,1,2,4
T5Run251,3,1,2,5
T5Run252,3,1,2,6
T5Run253,3,2,0,0
T5Run254,3,2,0,1
T5Run255,3,2,0,2
T5Run256,3,2,0,3
T5Run257,3,2,0,4
T5Run258,3,2,0,5
T5Run259,3,2,0,6
T5Run260,3,2,1,0
T5Run261,3,2,1,1
T5Run262,3,2,1,2
T5Run263,3,2,1,3
T5Run264,3,2,1,4
T5Run265,3,2,1,5
T5Run266,3,2,1,6
T5Run267,3,2,2,0
T5Run268,3,2,2,1
T5Run269,3,2,2,2
T5Run270,3,2,2,3
T5Run271,3,2,2,4
T5Run272,3,2,2,5
T5Run273,3,2,2,6
T5Run274,3,3,0,0
T5Run275,3,3,0,1
T5Run276,3,3,0,2
T5Run277,3,3,0,3
T5Run278,3,3,0,4
T5Run279,3,3,0,5
T5Run280,3,3,0,6
T5Run281,3,3,1,0
T5Run282,3,3,1,1
T5Run283,3,3,1,2
T5Run284,3,3,1,3
T5Run285,3,3,1,4
T5Run286,3,3,1,5
T5Run287,3,3,1,6
T5Run288,3,3,2,0
T5Run289,3,3,2,1
T5Run290,3,3,2,2
T5Run291,3,3,2,3
T5Run292,3,3,2,4
T5Run293,3,3,2,5
T5Run294,3,3,2,6
T5Run295,3,4,0,0
T5Run296,3,4,0,1
T5Run297,3,4,0,2
T5Run298,3,4,0,3
T5Run299,3,4,0,4
T5Run300,3,4,0,5
T5Run301,3,4,0,6
T5Run302,3,4,1,0
T5Run303,3,4,1,1
T5Run304,3,4,1,2
T5Run305,3,4,1,3
T5Run306,3,4,1,4
T5Run307,3,4,1,5
T5Run308,3,4,1,6
T5Run309,3,4,2,0
T5Run310,3,4,2,1
T5Run311,3,4,2,2
T5Run312,3,4,2,3
T5Run313,3,4,2,4
T5Run314,3,4,2,5
T5Run315,3,4,2,6
T5Run316,4,0,0,0
T5Run317,4,0,0,1
T5Run318,4,0,0,2
T5Run319,4,0,0,3
T5Run320,4,0,0,4
T5Run321,4,0,0,5
T5Run322,4,0,0,6
T5Run323,4,0,1,0
T5Run324,4,0,1,1
T5Run325,4,0,1,2
T5Run326,4,0,1,3
T5Run327,4,0,1,4
T5Run328,4,0,1,5
T5Run329,4,0,1,6
T5Run330,4,0,2,0
T5Run331,4,0,2,1
T5Run332,4,0,2,2
T5Run333,4,0,2,3
T5Run334,4,0,2,4
T5Run335,4,0,2,5
T5Run336,4,0,2,6
T5Run337,4,1,0,0
T5Run338,4,1,0,1
T5Run339,4,1,0,2
T5Run340,4,1,0,3
T5Run341,4,1,0,4
T5Run342,4,1,0,5
T5Run343,4,1,0,6
T5Run344,4,1,1,0
T5Run345,4,1,1,1
T5Run346,4,1,1,2
T5Run347,4,1,1,3
T5Run348,4,1,1,4
T5Run349,4,1,1,5
T5Run350,4,1,1,6
T5Run351,4,1,2,0
T5Run352,4,1,2,1
T5Run353,4,1,2,2
T5Run354,4,1,2,3
T5Run355,4,1,2,4
T5Run356,4,1,2,5
T5Run357,4,1,2,6
T5Run358,4,2,0,0
T5Run359,4,2,0,1
T5Run360,4,2,0,2
T5Run361,4,2,0,3
T5Run362,4,2,0,4
T5Run363,4,2,0,5
T5Run364,4,2,0,6
T5Run365,4,2,1,0
T5Run366,4,2,1,1
T5Run367,4,2,1,2
T5Run368,4,2,1,3
T5Run369,4,2,1,4
T5Run370,4,2,1,5
T5Run371,4,2,1,6
T5Run372,4,2,2,0
T5Run373,4,2,2,1
T5Run374,4,2,2,2
T5Run375,4,2,2,3
T5Run376,4,2,2,4
T5Run377,4,2,2,5
T5Run378,4,2,2,6
T5Run379,4,3,0,0
T5Run380,4,3,0,1
T5Run381,4,3,0,2
T5Run382,4,3,0,3
T5Run383,4,3,0,4
T5Run384,4,3,0,5
T5Run385,4,3,0,6
T5Run386,4,3,1,0
T5Run387,4,3,1,1
T5Run388,4,3,1,2
T5Run389,4,3,1,3
T5Run390,4,3,1,4
T5Run391,4,3,1,5
T5Run392,4,3,1,6
T5Run393,4,3,2,0
T5Run394,4,3,2,1
T5Run395,4,3,2,2
T5Run396,4,3,2,3
T5Run397,4,3,2,4
T5Run398,4,3,2,5
T5Run399,4,3,2,6
T5Run400,4,4,0,0
T5Run401,4,4,0,1
T5Run402,4,4,0,2
T5Run403,4,4,0,3
T5Run404,4,4,0,4
T5Run405,4,4,0,5
T5Run406,4,4,0,6
T5Run407,4,4,1,0
T5Run408,4,4,1,1
T5Run409,4,4,1,2
T5Run410,4,4,1,3
T5Run411,4,4,1,4
T5Run412,4,4,1,5
T5Run413,4,4,1,6
T5Run414,4,4,2,0
T5Run415,4,4,2,1
T5Run416,4,4,2,2
T5Run417,4,4,2,3
T5Run418,4,4,2,4
T5Run419,4,4,2,5
T5Run420,4,4,2,6
