T6Run1,1,0,0,0
T6Run2,1,0,0,1
T6Run3,1,0,0,2
T6Run4,1,0,0,3
T6Run5,1,0,0,4
T6Run6,1,0,0,5
T6Run7,1,0,0,6
T6Run8,1,0,1,0
T6Run9,1,0,1,1
T6Run10,1,0,1,2
T6Run11,1,0,1,3
T6Run12,1,0,1,4
T6Run13,1,0,1,5
T6Run14,1,0,1,6
T6Run15,1,0,2,0
T6Run16,1,0,2,1
T6Run17,1,0,2,2
T6Run18,1,0,2,3
T6Run19,1,0,2,4
T6Run20,1,0,2,5
T6Run21,1,0,2,6
T6Run22,1,1,0,0
T6Run23,1,1,0,1
T6Run24,1,1,0,2
T6Run25,1,1,0,3
T6Run26,1,1,0,4
T6Run27,1,1,0,5
T6Run28,1,1,0,6
T6Run29,1,1,1,0
T6Run30,1,1,1,1
T6Run31,1,1,1,2
T6Run32,1,1,1,3
T6Run33,1,1,1,4
T6Run34,1,1,1,5
T6Run35,1,1,1,6
T6Run36,1,1,2,0
T6Run37,1,1,2,1
T6Run38,1,1,2,2
T6Run39,1,1,2,3
T6Run40,1,1,2,4
T6Run41,1,1,2,5
T6Run42,1,1,2,6
T6Run43,1,2,0,0
T6Run44,1,2,0,1
T6Run45,1,2,0,2
T6Run46,1,2,0,3
T6Run47,1,2,0,4
T6Run48,1,2,0,5
T6Run49,1,2,0,6
T6Run50,1,2,1,0
T6Run51,1,2,1,1
T6Run52,1,2,1,2
T6Run53,1,2,1,3
T6Run54,1,2,1,4
T6Run55,1,2,1,5
T6Run56,1,2,1,6
T6Run57,1,2,2,0
T6Run58,1,2,2,1
T6Run59,1,2,2,2
T6Run60,1,2,2,3
T6Run61,1,2,2,4
T6Run62,1,2,2,5
T6Run63,1,2,2,6
T6Run64,1,3,0,0
T6Run65,1,3,0,1
T6Run66,1,3,0,2
T6Run67,1,3,0,3
T6Run68,1,3,0,4
T6Run69,1,3,0,5
T6Run70,1,3,0,6
T6Run71,1,3,1,0
T6Run72,1,3,1,1
T6Run73,1,3,1,2
T6Run74,1,3,1,3
T6Run75,1,3,1,4
T6Run76,1,3,1,5
T6Run77,1,3,1,6
T6Run78,1,3,2,0
T6Run79,1,3,2,1
T6Run80,1,3,2,2
T6Run81,1,3,2,3
T6Run82,1,3,2,4
T6Run83,1,3,2,5
T6Run84,1,3,2,6
T6Run85,1,4,0,0
T6Run86,1,4,0,1
T6Run87,1,4,0,2
T6Run88,1,4,0,3
T6Run89,1,4,0,4
T6Run90,1,4,0,5
T6Run91,1,4,0,6
T6Run92,1,4,1,0
T6Run93,1,4,1,1
T6Run94,1,4,1,2
T6Run95,1,4,1,3
T6Run96,1,4,1,4
T6Run97,1,4,1,5
T6Run98,1,4,1,6
T6Run99,1,4,2,0
T6Run100,1,4,2,1
T6Run101,1,4,2,2
T6Run102,1,4,2,3
T6Run103,1,4,2,4
T6Run104,1,4,2,5
T6Run105,1,4,2,6
T6Run106,2,0,0,0
T6Run107,2,0,0,1
T6Run108,2,0,0,2
T6Run109,2,0,0,3
T6Run110,2,0,0,4
T6Run111,2,0,0,5
T6Run112,2,0,0,6
T6Run113,2,0,1,0
T6Run114,2,0,1,1
T6Run115,2,0,1,2
T6Run116,2,0,1,3
T6Run117,2,0,1,4
T6Run118,2,0,1,5
T6Run119,2,0,1,6
T6Run120,2,0,2,0
T6Run121,2,0,2,1
T6Run122,2,0,2,2
T6Run123,2,0,2,3
T6Run124,2,0,2,4
T6Run125,2,0,2,5
T6Run126,2,0,2,6
T6Run127,2,1,0,0
T6Run128,2,1,0,1
T6Run129,2,1,0,2
T6Run130,2,1,0,3
T6Run131,2,1,0,4
T6Run132,2,1,0,5
T6Run133,2,1,0,6
T6Run134,2,1,1,0
T6Run135,2,1,1,1
T6Run136,2,1,1,2
T6Run137,2,1,1,3
T6Run138,2,1,1,4
T6Run139,2,1,1,5
T6Run140,2,1,1,6
T6Run141,2,1,2,0
T6Run142,2,1,2,1
T6Run143,2,1,2,2
T6Run144,2,1,2,3
T6Run145,2,1,2,4
T6Run146,2,1,2,5
T6Run147,2,1,2,6
T6Run148,2,2,0,0
T6Run149,2,2,0,1
T6Run150,2,2,0,2
T6Run151,2,2,0,3
T6Run152,2,2,0,4
T6Run153,2,2,0,5
T6Run154,2,2,0,6
T6Run155,2,2,1,0
T6Run156,2,2,1,1
T6Run157,2,2,1,2
T6Run158,2,2,1,3
T6Run159,2,2,1,4
T6Run160,2,2,1,5
T6Run161,2,2,1,6
T6Run162,2,2,2,0
T6Run163,2,2,2,1
T6Run164,2,2,2,2
T6Run165,2,2,2,3
T6Run166,2,2,2,4
T6Run167,2,2,2,5
T6Run168,2,2,2,6
T6Run169,2,3,0,0
T6Run170,2,3,0,1
T6Run171,2,3,0,2
T6Run172,2,3,0,3
T6Run173,2,3,0,4
T6Run174,2,3,0,5
T6Run175,2,3,0,6
T6Run176,2,3,1,0
T6Run177,2,3,1,1
T6Run178,2,3,1,2
T6Run179,2,3,1,3
T6Run180,2,3,1,4
T6Run181,2,3,1,5
T6Run182,2,3,1,6
T6Run183,2,3,2,0
T6Run184,2,3,2,1
T6Run185,2,3,2,2
T6Run186,2,3,2,3
T6Run187,2,3,2,4
T6Run188,2,3,2,5
T6Run189,2,3,2,6
T6Run190,2,4,0,0
T6Run191,2,4,0,1
T6Run192,2,4,0,2
T6Run193,2,4,0,3
T6Run194,2,4,0,4
T6Run195,2,4,0,5
T6Run196,2,4,0,6
T6Run197,2,4,1,0
T6Run198,2,4,1,1
T6Run199,2,4,1,2
T6Run200,2,4,1,3
T6Run201,2,4,1,4
T6Run202,2,4,1,5
T6Run203,2,4,1,6
T6Run204,2,4,2,0
T6Run205,2,4,2,1
T6Run206,2,4,2,2
T6Run207,2,4,2,3
T6Run208,2,4,2,4
T6Run209,2,4,2,5
T6Run210,2,4,2,6
T6Run211,3,0,0,0
T6Run212,3,0,0,1
T6Run213,3,0,0,2
T6Run214,3,0,0,3
T6Run215,3,0,0,4
T6Run216,3,0,0,5
T6Run217,3,0,0,6
T6Run218,3,0,1,0
T6Run219,3,0,1,1
T6Run220,3,0,1,2
T6Run221,3,0,1,3
T6Run222,3,0,1,4
T6Run223,3,0,1,5
T6Run224,3,0,1,6
T6Run225,3,0,2,0
T6Run226,3,0,2,1
T6Run227,3,0,2,2
T6Run228,3,0,2,3
T6Run229,3,0,2,4
T6Run230,3,0,2,5
T6Run231,3,0,2,6
T6Run232,3,1,0,0
T6Run233,3,1,0,1
T6Run234,3,1,0,2
T6Run235,3,1,0,3
T6Run236,3,1,0,4
T6Run237,3,1,0,5
T6Run238,3,1,0,6
T6Run239,3,1,1,0
T6Run240,3,1,1,1
T6Run241,3,1,1,2
T6Run242,3,1,1,3
T6Run243,3,1,1,4
T6Run244,3,1,1,5
T6Run245,3,1,1,6
T6Run246,3,1,2,0
T6Run247,3,1,2,1
T6Run248,3,1,2,2
T6Run249,3,1,2,3
T6Run250,3,1,2,4
T6Run251,3,1,2,5
T6Run252,3,1,2,6
T6Run253,3,2,0,0
T6Run254,3,2,0,1
T6Run255,3,2,0,2
T6Run256,3,2,0,3
T6Run257,3,2,0,4
T6Run258,3,2,0,5
T6Run259,3,2,0,6
T6Run260,3,2,1,0
T6Run261,3,2,1,1
T6Run262,3,2,1,2
T6Run263,3,2,1,3
T6Run264,3,2,1,4
T6Run265,3,2,1,5
T6Run266,3,2,1,6
T6Run267,3,2,2,0
T6Run268,3,2,2,1
T6Run269,3,2,2,2
T6Run270,3,2,2,3
T6Run271,3,2,2,4
T6Run272,3,2,2,5
T6Run273,3,2,2,6
T6Run274,3,3,0,0
T6Run275,3,3,0,1
T6Run276,3,3,0,2
T6Run277,3,3,0,3
T6Run278,3,3,0,4
T6Run279,3,3,0,5
T6Run280,3,3,0,6
T6Run281,3,3,1,0
T6Run282,3,3,1,1
T6Run283,3,3,1,2
T6Run284,3,3,1,3
T6Run285,3,3,1,4
T6Run286,3,3,1,5
T6Run287,3,3,1,6
T6Run288,3,3,2,0
T6Run289,3,3,2,1
T6Run290,3,3,2,2
T6Run291,3,3,2,3
T6Run292,3,3,2,4
T6Run293,3,3,2,5
T6Run294,3,3,2,6
T6Run295,3,4,0,0
T6Run296,3,4,0,1
T6Run297,3,4,0,2
T6Run298,3,4,0,3
T6Run299,3,4,0,4
T6Run300,3,4,0,5
T6Run301,3,4,0,6
T6Run302,3,4,1,0
T6Run303,3,4,1,1
T6Run304,3,4,1,2
T6Run305,3,4,1,3
T6Run306,3,4,1,4
T6Run307,3,4,1,5
T6Run308,3,4,1,6
T6Run309,3,4,2,0
T6Run310,3,4,2,1
T6Run311,3,4,2,2
T6Run312,3,4,2,3
T6Run313,3,4,2,4
T6Run314,3,4,2,5
T6Run315,3,4,2,6
T6Run316,4,0,0,0
T6Run317,4,0,0,1
T6Run318,4,0,0,2
T6Run319,4,0,0,3
T6Run320,4,0,0,4
T6Run321,4,0,0,5
T6Run322,4,0,0,6
T6Run323,4,0,1,0
T6Run324,4,0,1,1
T6Run325,4,0,1,2
T6Run326,4,0,1,3
T6Run327,4,0,1,4
T6Run328,4,0,1,5
T6Run329,4,0,1,6
T6Run330,4,0,2,0
T6Run331,4,0,2,1
T6Run332,4,0,2,2
T6Run333,4,0,2,3
T6Run334,4,0,2,4
T6Run335,4,0,2,5
T6Run336,4,0,2,6
T6Run337,4,1,0,0
T6Run338,4,1,0,1
T6Run339,4,1,0,2
T6Run340,4,1,0,3
T6Run341,4,1,0,4
T6Run342,4,1,0,5
T6Run343,4,1,0,6
T6Run344,4,1,1,0
T6Run345,4,1,1,1
T6Run346,4,1,1,2
T6Run347,4,1,1,3
T6Run348,4,1,1,4
T6Run349,4,1,1,5
T6Run350,4,1,1,6
T6Run351,4,1,2,0
T6Run352,4,1,2,1
T6Run353,4,1,2,2
T6Run354,4,1,2,3
T6Run355,4,1,2,4
T6Run356,4,1,2,5
T6Run357,4,1,2,6
T6Run358,4,2,0,0
T6Run359,4,2,0,1
T6Run360,4,2,0,2
T6Run361,4,2,0,3
T6Run362,4,2,0,4
T6Run363,4,2,0,5
T6Run364,4,2,0,6
T6Run365,4,2,1,0
T6Run366,4,2,1,1
T6Run367,4,2,1,2
T6Run368,4,2,1,3
T6Run369,4,2,1,4
T6Run370,4,2,1,5
T6Run371,4,2,1,6
T6Run372,4,2,2,0
T6Run373,4,2,2,1
T6Run374,4,2,2,2
T6Run375,4,2,2,3
T6Run376,4,2,2,4
T6Run377,4,2,2,5
T6Run378,4,2,2,6
T6Run379,4,3,0,0
T6Run380,4,3,0,1
T6Run381,4,3,0,2
T6Run382,4,3,0,3
T6Run383,4,3,0,4
T6Run384,4,3,0,5
T6Run385,4,3,0,6
T6Run386,4,3,1,0
T6Run387,4,3,1,1
T6Run388,4,3,1,2
T6Run389,4,3,1,3
T6Run390,4,3,1,4
T6Run391,4,3,1,5
T6Run392,4,3,1,6
T6Run393,4,3,2,0
T6Run394,4,3,2,1
T6Run395,4,3,2,2
T6Run396,4,3,2,3
T6Run397,4,3,2,4
T6Run398,4,3,2,5
T6Run399,4,3,2,6
T6Run400,4,4,0,0
T6Run401,4,4,0,1
T6Run402,4,4,0,2
T6Run403,4,4,0,3
T6Run404,4,4,0,4
T6Run405,4,4,0,5
T6Run406,4,4,0,6
T6Run407,4,4,1,0
T6Run408,4,4,1,1
T6Run409,4,4,1,2
T6Run410,4,4,1,3
T6Run411,4,4,1,4
T6Run412,4,4,1,5
T6Run413,4,4,1,6
T6Run414,4,4,2,0
T6Run415,4,4,2,1
T6Run416,4,4,2,2
T6Run417,4,4,2,3
T6Run418,4,4,2,4
T6Run419,4,4,2,5
T6Run420,4,4,2,6
