-4666723
-4032837
-4352481
-3483539
-4202983
-4660392
-6447348
57882248
60533832
59049788
62502248
59028648
54923976
45105628
260752464
268792448
264480544
275226304
263155168
248563072
214266848
-4408648
-3769529
-4094716
-3222646
-3952253
-4440257
-6261198
63484476
66178748
64668056
68072248
64191784
59741008
49082540
287099072
295132928
290823712
300665280
286152928
269864704
231441472
33069732
34301376
33576992
34841096
32164716
28716990
21872764
252687152
256778752
254237744
256463840
240312144
222113792
184878256
969801152
974543424
971252864
960180096
891360128
828092032
688246336
84853136
85315352
84865032
83684816
76819752
69473464
54824812
478717696
478439200
478129600
467870848
431582720
398640896
326270080
1459862912
1453180160
1456826496
1415423872
1297793408
1208952960
989670016
121515576
121055160
121257616
117745488
106896328
98191088
77457040
586528192
583666624
585243520
568097472
518978176
483624800
393334368
1617627520
1607027072
1613725952
1561634816
1423934848
1332877568
1088928384
-2209708
-1470765
-1848279
-837300
-1662859
-2255694
-4350953
78712416
81701304
80006928
83735664
79023872
73634256
61052064
334719808
343250240
338756512
349171808
332415168
313335904
269283200
-1881338
-1138117
-1521047
-510413
-1349674
-1982488
-4122131
86522368
89549272
87834336
91467216
86112464
80276064
66540980
367135040
375752704
371182688
381005760
361215680
340191744
291047488
40856456
42185176
41395372
42700544
39550100
35555440
27637430
298012608
302252224
299577664
301254368
281797376
260644400
216971072
1126790784
1130811520
1127917696
1112762240
1031216192
958498624
795916736
98558224
99012528
98553208
97084736
89186256
80959760
64311596
544158272
543508672
543396544
531298880
489633280
452760736
370770144
1639195264
1630996992
1635720576
1588363392
1455600768
1356557184
1110798848
138079264
137525792
137780800
133787984
121580232
111906368
88705680
657693120
654290176
656240384
636765952
581679552
542394624
441444672
1800963840
1788862336
1796587392
1738099968
1584833920
1483684736
1212364800
4384028
5383669
4857349
6212419
5112136
4109121
1186834
136792720
140309520
138367792
142044416
133478896
124794880
104231256
546507136
555939840
551011712
559498752
528083552
496761280
423282688
4985023
5992328
5456690
6811233
5686381
4610972
1607035
148294144
151893408
149891136
153482608
143966096
134636976
112334760
561935232
571076288
566304192
573674880
540134400
507736928
431467008
60288588
61856180
60899132
62254964
57900328
52556840
41933536
412552224
416981312
414130944
413787232
386075168
357695808
297362784
1510772608
1513190016
1511163904
1484592384
1372372096
1277373184
1057999040
132009232
132411608
131957944
129714672
119283904
108953520
87375104
702602240
701162496
701496832
684662464
630130112
583954688
478390944
2066699264
2055135744
2062000384
2000547328
1831280512
1708411520
1399131648
177701696
176920880
177309520
172148208
156671360
144694240
115592200
822169280
817639168
820325632
795608448
726867264
678227072
552722752
2233258752
2217433600
2227760128
2154349312
1964439040
1839107456
1503726848
14318056
15658970
14926740
16702699
15200837
13491281
9305694
237345376
241181840
239069216
241505392
225544000
211057648
176272480
854337024
863999488
859129344
862512192
808455168
759328192
642355136
15493634
16834934
16094101
17843996
16289627
14439257
10081856
255190848
259094992
256944832
259016848
241544512
226044624
188531120
874969472
884287232
879618816
881630464
824621120
774367040
653770880
86688800
88519728
87376872
88669680
82615344
75509920
61134112
566627584
570980928
568101888
564675456
525305664
487304000
404634272
2015755520
2014934016
2014975104
1973417984
1819754624
1694294528
1401500416
175275424
175580320
175157552
171829632
158084000
145046528
117088040
906228544
903475584
904658304
881290304
810092096
752169344
616280896
2606264064
2590703104
2600177664
2520626688
2305556736
2152897024
1763094144
227965072
226900560
227459840
220785600
201145072
186270096
149676688
1033896384
1027760768
1031538880
999897856
913276416
852794048
695791680
2775362048
2754782720
2768443136
2676181248
2440260864
2284357888
1868889728
