T2Run1,1,0,0,0
T2Run2,1,0,0,1
T2Run3,1,0,0,2
T2Run4,1,0,0,3
T2Run5,1,0,0,4
T2Run6,1,0,0,5
T2Run7,1,0,0,6
T2Run8,1,0,1,0
T2Run9,1,0,1,1
T2Run10,1,0,1,2
T2Run11,1,0,1,3
T2Run12,1,0,1,4
T2Run13,1,0,1,5
T2Run14,1,0,1,6
T2Run15,1,0,2,0
T2Run16,1,0,2,1
T2Run17,1,0,2,2
T2Run18,1,0,2,3
T2Run19,1,0,2,4
T2Run20,1,0,2,5
T2Run21,1,0,2,6
T2Run22,1,1,0,0
T2Run23,1,1,0,1
T2Run24,1,1,0,2
T2Run25,1,1,0,3
T2Run26,1,1,0,4
T2Run27,1,1,0,5
T2Run28,1,1,0,6
T2Run29,1,1,1,0
T2Run30,1,1,1,1
T2Run31,1,1,1,2
T2Run32,1,1,1,3
T2Run33,1,1,1,4
T2Run34,1,1,1,5
T2Run35,1,1,1,6
T2Run36,1,1,2,0
T2Run37,1,1,2,1
T2Run38,1,1,2,2
T2Run39,1,1,2,3
T2Run40,1,1,2,4
T2Run41,1,1,2,5
T2Run42,1,1,2,6
T2Run43,1,2,0,0
T2Run44,1,2,0,1
T2Run45,1,2,0,2
T2Run46,1,2,0,3
T2Run47,1,2,0,4
T2Run48,1,2,0,5
T2Run49,1,2,0,6
T2Run50,1,2,1,0
T2Run51,1,2,1,1
T2Run52,1,2,1,2
T2Run53,1,2,1,3
T2Run54,1,2,1,4
T2Run55,1,2,1,5
T2Run56,1,2,1,6
T2Run57,1,2,2,0
T2Run58,1,2,2,1
T2Run59,1,2,2,2
T2Run60,1,2,2,3
T2Run61,1,2,2,4
T2Run62,1,2,2,5
T2Run63,1,2,2,6
T2Run64,1,3,0,0
T2Run65,1,3,0,1
T2Run66,1,3,0,2
T2Run67,1,3,0,3
T2Run68,1,3,0,4
T2Run69,1,3,0,5
T2Run70,1,3,0,6
T2Run71,1,3,1,0
T2Run72,1,3,1,1
T2Run73,1,3,1,2
T2Run74,1,3,1,3
T2Run75,1,3,1,4
T2Run76,1,3,1,5
T2Run77,1,3,1,6
T2Run78,1,3,2,0
T2Run79,1,3,2,1
T2Run80,1,3,2,2
T2Run81,1,3,2,3
T2Run82,1,3,2,4
T2Run83,1,3,2,5
T2Run84,1,3,2,6
T2Run85,1,4,0,0
T2Run86,1,4,0,1
T2Run87,1,4,0,2
T2Run88,1,4,0,3
T2Run89,1,4,0,4
T2Run90,1,4,0,5
T2Run91,1,4,0,6
T2Run92,1,4,1,0
T2Run93,1,4,1,1
T2Run94,1,4,1,2
T2Run95,1,4,1,3
T2Run96,1,4,1,4
T2Run97,1,4,1,5
T2Run98,1,4,1,6
T2Run99,1,4,2,0
T2Run100,1,4,2,1
T2Run101,1,4,2,2
T2Run102,1,4,2,3
T2Run103,1,4,2,4
T2Run104,1,4,2,5
T2Run105,1,4,2,6
T2Run106,2,0,0,0
T2Run107,2,0,0,1
T2Run108,2,0,0,2
T2Run109,2,0,0,3
T2Run110,2,0,0,4
T2Run111,2,0,0,5
T2Run112,2,0,0,6
T2Run113,2,0,1,0
T2Run114,2,0,1,1
T2Run115,2,0,1,2
T2Run116,2,0,1,3
T2Run117,2,0,1,4
T2Run118,2,0,1,5
T2Run119,2,0,1,6
T2Run120,2,0,2,0
T2Run121,2,0,2,1
T2Run122,2,0,2,2
T2Run123,2,0,2,3
T2Run124,2,0,2,4
T2Run125,2,0,2,5
T2Run126,2,0,2,6
T2Run127,2,1,0,0
T2Run128,2,1,0,1
T2Run129,2,1,0,2
T2Run130,2,1,0,3
T2Run131,2,1,0,4
T2Run132,2,1,0,5
T2Run133,2,1,0,6
T2Run134,2,1,1,0
T2Run135,2,1,1,1
T2Run136,2,1,1,2
T2Run137,2,1,1,3
T2Run138,2,1,1,4
T2Run139,2,1,1,5
T2Run140,2,1,1,6
T2Run141,2,1,2,0
T2Run142,2,1,2,1
T2Run143,2,1,2,2
T2Run144,2,1,2,3
T2Run145,2,1,2,4
T2Run146,2,1,2,5
T2Run147,2,1,2,6
T2Run148,2,2,0,0
T2Run149,2,2,0,1
T2Run150,2,2,0,2
T2Run151,2,2,0,3
T2Run152,2,2,0,4
T2Run153,2,2,0,5
T2Run154,2,2,0,6
T2Run155,2,2,1,0
T2Run156,2,2,1,1
T2Run157,2,2,1,2
T2Run158,2,2,1,3
T2Run159,2,2,1,4
T2Run160,2,2,1,5
T2Run161,2,2,1,6
T2Run162,2,2,2,0
T2Run163,2,2,2,1
T2Run164,2,2,2,2
T2Run165,2,2,2,3
T2Run166,2,2,2,4
T2Run167,2,2,2,5
T2Run168,2,2,2,6
T2Run169,2,3,0,0
T2Run170,2,3,0,1
T2Run171,2,3,0,2
T2Run172,2,3,0,3
T2Run173,2,3,0,4
T2Run174,2,3,0,5
T2Run175,2,3,0,6
T2Run176,2,3,1,0
T2Run177,2,3,1,1
T2Run178,2,3,1,2
T2Run179,2,3,1,3
T2Run180,2,3,1,4
T2Run181,2,3,1,5
T2Run182,2,3,1,6
T2Run183,2,3,2,0
T2Run184,2,3,2,1
T2Run185,2,3,2,2
T2Run186,2,3,2,3
T2Run187,2,3,2,4
T2Run188,2,3,2,5
T2Run189,2,3,2,6
T2Run190,2,4,0,0
T2Run191,2,4,0,1
T2Run192,2,4,0,2
T2Run193,2,4,0,3
T2Run194,2,4,0,4
T2Run195,2,4,0,5
T2Run196,2,4,0,6
T2Run197,2,4,1,0
T2Run198,2,4,1,1
T2Run199,2,4,1,2
T2Run200,2,4,1,3
T2Run201,2,4,1,4
T2Run202,2,4,1,5
T2Run203,2,4,1,6
T2Run204,2,4,2,0
T2Run205,2,4,2,1
T2Run206,2,4,2,2
T2Run207,2,4,2,3
T2Run208,2,4,2,4
T2Run209,2,4,2,5
T2Run210,2,4,2,6
T2Run211,3,0,0,0
T2Run212,3,0,0,1
T2Run213,3,0,0,2
T2Run214,3,0,0,3
T2Run215,3,0,0,4
T2Run216,3,0,0,5
T2Run217,3,0,0,6
T2Run218,3,0,1,0
T2Run219,3,0,1,1
T2Run220,3,0,1,2
T2Run221,3,0,1,3
T2Run222,3,0,1,4
T2Run223,3,0,1,5
T2Run224,3,0,1,6
T2Run225,3,0,2,0
T2Run226,3,0,2,1
T2Run227,3,0,2,2
T2Run228,3,0,2,3
T2Run229,3,0,2,4
T2Run230,3,0,2,5
T2Run231,3,0,2,6
T2Run232,3,1,0,0
T2Run233,3,1,0,1
T2Run234,3,1,0,2
T2Run235,3,1,0,3
T2Run236,3,1,0,4
T2Run237,3,1,0,5
T2Run238,3,1,0,6
T2Run239,3,1,1,0
T2Run240,3,1,1,1
T2Run241,3,1,1,2
T2Run242,3,1,1,3
T2Run243,3,1,1,4
T2Run244,3,1,1,5
T2Run245,3,1,1,6
T2Run246,3,1,2,0
T2Run247,3,1,2,1
T2Run248,3,1,2,2
T2Run249,3,1,2,3
T2Run250,3,1,2,4
T2Run251,3,1,2,5
T2Run252,3,1,2,6
T2Run253,3,2,0,0
T2Run254,3,2,0,1
T2Run255,3,2,0,2
T2Run256,3,2,0,3
T2Run257,3,2,0,4
T2Run258,3,2,0,5
T2Run259,3,2,0,6
T2Run260,3,2,1,0
T2Run261,3,2,1,1
T2Run262,3,2,1,2
T2Run263,3,2,1,3
T2Run264,3,2,1,4
T2Run265,3,2,1,5
T2Run266,3,2,1,6
T2Run267,3,2,2,0
T2Run268,3,2,2,1
T2Run269,3,2,2,2
T2Run270,3,2,2,3
T2Run271,3,2,2,4
T2Run272,3,2,2,5
T2Run273,3,2,2,6
T2Run274,3,3,0,0
T2Run275,3,3,0,1
T2Run276,3,3,0,2
T2Run277,3,3,0,3
T2Run278,3,3,0,4
T2Run279,3,3,0,5
T2Run280,3,3,0,6
T2Run281,3,3,1,0
T2Run282,3,3,1,1
T2Run283,3,3,1,2
T2Run284,3,3,1,3
T2Run285,3,3,1,4
T2Run286,3,3,1,5
T2Run287,3,3,1,6
T2Run288,3,3,2,0
T2Run289,3,3,2,1
T2Run290,3,3,2,2
T2Run291,3,3,2,3
T2Run292,3,3,2,4
T2Run293,3,3,2,5
T2Run294,3,3,2,6
T2Run295,3,4,0,0
T2Run296,3,4,0,1
T2Run297,3,4,0,2
T2Run298,3,4,0,3
T2Run299,3,4,0,4
T2Run300,3,4,0,5
T2Run301,3,4,0,6
T2Run302,3,4,1,0
T2Run303,3,4,1,1
T2Run304,3,4,1,2
T2Run305,3,4,1,3
T2Run306,3,4,1,4
T2Run307,3,4,1,5
T2Run308,3,4,1,6
T2Run309,3,4,2,0
T2Run310,3,4,2,1
T2Run311,3,4,2,2
T2Run312,3,4,2,3
T2Run313,3,4,2,4
T2Run314,3,4,2,5
T2Run315,3,4,2,6
T2Run316,4,0,0,0
T2Run317,4,0,0,1
T2Run318,4,0,0,2
T2Run319,4,0,0,3
T2Run320,4,0,0,4
T2Run321,4,0,0,5
T2Run322,4,0,0,6
T2Run323,4,0,1,0
T2Run324,4,0,1,1
T2Run325,4,0,1,2
T2Run326,4,0,1,3
T2Run327,4,0,1,4
T2Run328,4,0,1,5
T2Run329,4,0,1,6
T2Run330,4,0,2,0
T2Run331,4,0,2,1
T2Run332,4,0,2,2
T2Run333,4,0,2,3
T2Run334,4,0,2,4
T2Run335,4,0,2,5
T2Run336,4,0,2,6
T2Run337,4,1,0,0
T2Run338,4,1,0,1
T2Run339,4,1,0,2
T2Run340,4,1,0,3
T2Run341,4,1,0,4
T2Run342,4,1,0,5
T2Run343,4,1,0,6
T2Run344,4,1,1,0
T2Run345,4,1,1,1
T2Run346,4,1,1,2
T2Run347,4,1,1,3
T2Run348,4,1,1,4
T2Run349,4,1,1,5
T2Run350,4,1,1,6
T2Run351,4,1,2,0
T2Run352,4,1,2,1
T2Run353,4,1,2,2
T2Run354,4,1,2,3
T2Run355,4,1,2,4
T2Run356,4,1,2,5
T2Run357,4,1,2,6
T2Run358,4,2,0,0
T2Run359,4,2,0,1
T2Run360,4,2,0,2
T2Run361,4,2,0,3
T2Run362,4,2,0,4
T2Run363,4,2,0,5
T2Run364,4,2,0,6
T2Run365,4,2,1,0
T2Run366,4,2,1,1
T2Run367,4,2,1,2
T2Run368,4,2,1,3
T2Run369,4,2,1,4
T2Run370,4,2,1,5
T2Run371,4,2,1,6
T2Run372,4,2,2,0
T2Run373,4,2,2,1
T2Run374,4,2,2,2
T2Run375,4,2,2,3
T2Run376,4,2,2,4
T2Run377,4,2,2,5
T2Run378,4,2,2,6
T2Run379,4,3,0,0
T2Run380,4,3,0,1
T2Run381,4,3,0,2
T2Run382,4,3,0,3
T2Run383,4,3,0,4
T2Run384,4,3,0,5
T2Run385,4,3,0,6
T2Run386,4,3,1,0
T2Run387,4,3,1,1
T2Run388,4,3,1,2
T2Run389,4,3,1,3
T2Run390,4,3,1,4
T2Run391,4,3,1,5
T2Run392,4,3,1,6
T2Run393,4,3,2,0
T2Run394,4,3,2,1
T2Run395,4,3,2,2
T2Run396,4,3,2,3
T2Run397,4,3,2,4
T2Run398,4,3,2,5
T2Run399,4,3,2,6
T2Run400,4,4,0,0
T2Run401,4,4,0,1
T2Run402,4,4,0,2
T2Run403,4,4,0,3
T2Run404,4,4,0,4
T2Run405,4,4,0,5
T2Run406,4,4,0,6
T2Run407,4,4,1,0
T2Run408,4,4,1,1
T2Run409,4,4,1,2
T2Run410,4,4,1,3
T2Run411,4,4,1,4
T2Run412,4,4,1,5
T2Run413,4,4,1,6
T2Run414,4,4,2,0
T2Run415,4,4,2,1
T2Run416,4,4,2,2
T2Run417,4,4,2,3
T2Run418,4,4,2,4
T2Run419,4,4,2,5
T2Run420,4,4,2,6
