IRR
7.769999981
8.430000305
8.090000153
8.960000038
8.300000191
7.75
-86.18000031
32.06000137
32.84000015
32.43999863
33.47000122
32.52999878
32.02000046
29.59000015
61.18999863
63.24000168
62.15999985
65.44000244
64.19999695
64.16999817
60.54999924
8.06000042
8.710000038
8.390000343
9.239999771
8.569999695
7.989999771
-89.06999969
33.56999969
34.34999847
33.93000031
34.97000122
33.95000076
33.45999908
30.87000084
67.51000214
69.76999664
68.61000061
72.12999725
70.43000031
70.37000275
65.83999634
32.02999878
33
32.52999878
33.86999893
32.75999832
31.34000015
27.84000015
110.5299988
115.4300003
113.2300034
120.6699982
116.7200012
112.9499969
101.1100006
299.75
314.0700073
307.1700134
328.9100037
318.6700134
306.3099976
273.2600098
63.31999969
64.51999664
63.59999847
64.69999695
62.47999954
57.74000168
50.61999893
265.3699951
270.8599854
266.3800049
270.9899902
261.5499878
237.2599945
205.3099976
-9999.990234
-9999.990234
-9999.990234
-9999.990234
866.7399902
785.1300049
658.9299927
102.1299973
102.6399994
102.0899963
101.2600021
95.80000305
88.33000183
74.65000153
430.9299927
432.7200012
430.6000061
426.1000061
400.1099854
368.2399902
306.2799988
-9999.990234
-9999.990234
-9999.990234
-9999.990234
-9999.990234
-9999.990234
-9999.990234
10.21000004
10.84000015
10.52999973
11.35999966
10.69999981
10.14999962
8.199999809
35.08000183
35.84999847
35.45000076
36.47999954
35.49000168
34.97000122
32.47000122
65.41000366
67.55999756
66.43000031
69.87999725
68.61000061
68.58999634
64.80000305
10.51000023
11.10999966
10.80000019
11.63000011
10.93999958
10.40999985
8.449999809
36.83000183
37.61999893
37.20000076
38.25
37.18000031
36.65999985
33.97000122
72.59999847
75
73.76000214
77.54000092
75.73000336
75.68000031
70.86000061
34.61000061
35.63000107
35.11000061
36.54000092
35.38999939
33.93000031
30.35000038
117.5299988
122.7099991
120.3799973
128.2599945
124.0899963
120.0999985
107.5899963
318.5
333.5899963
326.269989
349.1600037
338.3699951
325.1000061
290.1300049
67.30000305
68.58000183
67.59999847
68.76999664
66.47000122
61.50999832
54.06999969
281.7399902
287.4899902
282.7799988
287.5299988
277.5
251.6999969
217.8099976
-9999.990234
-9999.990234
-9999.990234
-9999.990234
-9999.990234
836.6099854
701.5200195
108.0899963
108.6299973
108.0400009
107.1900024
101.4800034
93.62000275
79.26999664
456.0700073
457.9100037
455.7200012
450.8800049
423.25
389.769989
324.2000122
-9999.990234
-9999.990234
-9999.990234
-9999.990234
-9999.990234
-9999.990234
-9999.990234
14.89000034
15.5
15.18000031
15.96000004
15.31999969
14.77000046
12.85999966
40.90999985
41.68999863
41.27999878
42.29999924
41.22999954
40.70999908
38.02999878
74.62000275
76.98000336
75.73999786
79.59999847
78.25
78.23000336
74.05999756
15.22999954
15.81999969
15.52000046
16.29000092
15.63000011
15.05000019
13.14000034
43.02999878
43.86000061
43.43999863
44.52000046
43.34000015
42.79999924
39.91999817
78.73999786
81.26999664
79.94999695
83.94000244
82.12000275
82.05999756
77.11000061
39.81000137
40.91999817
40.38000107
41.93000031
40.70999908
39.20000076
35.40999985
132.5899963
138.4199982
135.7799988
144.6399994
139.9900055
135.4799957
121.4899979
359.3299866
376.0599976
367.8399963
393.1199951
381.1499939
365.8099976
326.6600037
75.61000061
77.02999878
75.94000244
77.29000092
74.79000092
69.33999634
61.25999832
317.1499939
323.4100037
318.2399902
323.2399902
311.9200134
282.8200073
244.6799927
-9999.990234
-9999.990234
-9999.990234
-9999.990234
-9999.990234
-9999.990234
794.3599854
120.6299973
121.2399979
120.5800018
119.6699982
113.4100037
104.6999969
88.94000244
504.2600098
506.2999878
503.8699951
498.5499878
468.0799866
431.0599976
358.6300049
-9999.990234
-9999.990234
-9999.990234
-9999.990234
-9999.990234
-9999.990234
-9999.990234
19.53000069
20.09000015
19.79999924
20.54999924
19.87000084
19.29999924
17.37999916
47.47000122
48.25
47.83000183
48.84999847
47.68000031
47.11000061
44.25
84.41999817
87.05000305
85.66999817
90
88.55000305
88.55000305
83.93000031
19.93000031
20.5
20.20000076
20.92000008
20.25
19.65999985
17.70999908
50.20000076
51.06000137
50.61999893
51.74000168
50.41999817
49.84000015
46.70000076
89.77999878
92.65000153
91.15000153
95.69000244
93.63999939
93.61000061
88.02999878
45.09000015
46.31999969
45.72000122
47.45000076
46.13000107
44.56999969
40.54000092
147.3500061
153.7599945
150.8699951
160.6199951
155.5099945
150.5700073
135.1600037
405.1700134
423.6499939
414.4599915
442.2600098
428.980011
411.1900024
367.3699951
84.37000275
85.95999908
84.73999786
86.26999664
83.56999969
77.55999756
68.76000214
356.4299927
363.230011
357.5700073
362.769989
349.9899902
317.269989
274.269989
-9999.990234
-9999.990234
-9999.990234
-9999.990234
-9999.990234
-9999.990234
898.4099731
134.0500031
134.7400055
134
133.0099945
126.1600037
116.5400009
99.23000336
562.9099731
565.0300293
562.4500122
556.289978
521.8699951
481.1700134
400.1799927
-9999.990234
-9999.990234
-9999.990234
-9999.990234
-9999.990234
-9999.990234
-9999.990234
