T4Run1,1,0,0,0
T4Run2,1,0,0,1
T4Run3,1,0,0,2
T4Run4,1,0,0,3
T4Run5,1,0,0,4
T4Run6,1,0,0,5
T4Run7,1,0,0,6
T4Run8,1,0,1,0
T4Run9,1,0,1,1
T4Run10,1,0,1,2
T4Run11,1,0,1,3
T4Run12,1,0,1,4
T4Run13,1,0,1,5
T4Run14,1,0,1,6
T4Run15,1,0,2,0
T4Run16,1,0,2,1
T4Run17,1,0,2,2
T4Run18,1,0,2,3
T4Run19,1,0,2,4
T4Run20,1,0,2,5
T4Run21,1,0,2,6
T4Run22,1,1,0,0
T4Run23,1,1,0,1
T4Run24,1,1,0,2
T4Run25,1,1,0,3
T4Run26,1,1,0,4
T4Run27,1,1,0,5
T4Run28,1,1,0,6
T4Run29,1,1,1,0
T4Run30,1,1,1,1
T4Run31,1,1,1,2
T4Run32,1,1,1,3
T4Run33,1,1,1,4
T4Run34,1,1,1,5
T4Run35,1,1,1,6
T4Run36,1,1,2,0
T4Run37,1,1,2,1
T4Run38,1,1,2,2
T4Run39,1,1,2,3
T4Run40,1,1,2,4
T4Run41,1,1,2,5
T4Run42,1,1,2,6
T4Run43,1,2,0,0
T4Run44,1,2,0,1
T4Run45,1,2,0,2
T4Run46,1,2,0,3
T4Run47,1,2,0,4
T4Run48,1,2,0,5
T4Run49,1,2,0,6
T4Run50,1,2,1,0
T4Run51,1,2,1,1
T4Run52,1,2,1,2
T4Run53,1,2,1,3
T4Run54,1,2,1,4
T4Run55,1,2,1,5
T4Run56,1,2,1,6
T4Run57,1,2,2,0
T4Run58,1,2,2,1
T4Run59,1,2,2,2
T4Run60,1,2,2,3
T4Run61,1,2,2,4
T4Run62,1,2,2,5
T4Run63,1,2,2,6
T4Run64,1,3,0,0
T4Run65,1,3,0,1
T4Run66,1,3,0,2
T4Run67,1,3,0,3
T4Run68,1,3,0,4
T4Run69,1,3,0,5
T4Run70,1,3,0,6
T4Run71,1,3,1,0
T4Run72,1,3,1,1
T4Run73,1,3,1,2
T4Run74,1,3,1,3
T4Run75,1,3,1,4
T4Run76,1,3,1,5
T4Run77,1,3,1,6
T4Run78,1,3,2,0
T4Run79,1,3,2,1
T4Run80,1,3,2,2
T4Run81,1,3,2,3
T4Run82,1,3,2,4
T4Run83,1,3,2,5
T4Run84,1,3,2,6
T4Run85,1,4,0,0
T4Run86,1,4,0,1
T4Run87,1,4,0,2
T4Run88,1,4,0,3
T4Run89,1,4,0,4
T4Run90,1,4,0,5
T4Run91,1,4,0,6
T4Run92,1,4,1,0
T4Run93,1,4,1,1
T4Run94,1,4,1,2
T4Run95,1,4,1,3
T4Run96,1,4,1,4
T4Run97,1,4,1,5
T4Run98,1,4,1,6
T4Run99,1,4,2,0
T4Run100,1,4,2,1
T4Run101,1,4,2,2
T4Run102,1,4,2,3
T4Run103,1,4,2,4
T4Run104,1,4,2,5
T4Run105,1,4,2,6
T4Run106,2,0,0,0
T4Run107,2,0,0,1
T4Run108,2,0,0,2
T4Run109,2,0,0,3
T4Run110,2,0,0,4
T4Run111,2,0,0,5
T4Run112,2,0,0,6
T4Run113,2,0,1,0
T4Run114,2,0,1,1
T4Run115,2,0,1,2
T4Run116,2,0,1,3
T4Run117,2,0,1,4
T4Run118,2,0,1,5
T4Run119,2,0,1,6
T4Run120,2,0,2,0
T4Run121,2,0,2,1
T4Run122,2,0,2,2
T4Run123,2,0,2,3
T4Run124,2,0,2,4
T4Run125,2,0,2,5
T4Run126,2,0,2,6
T4Run127,2,1,0,0
T4Run128,2,1,0,1
T4Run129,2,1,0,2
T4Run130,2,1,0,3
T4Run131,2,1,0,4
T4Run132,2,1,0,5
T4Run133,2,1,0,6
T4Run134,2,1,1,0
T4Run135,2,1,1,1
T4Run136,2,1,1,2
T4Run137,2,1,1,3
T4Run138,2,1,1,4
T4Run139,2,1,1,5
T4Run140,2,1,1,6
T4Run141,2,1,2,0
T4Run142,2,1,2,1
T4Run143,2,1,2,2
T4Run144,2,1,2,3
T4Run145,2,1,2,4
T4Run146,2,1,2,5
T4Run147,2,1,2,6
T4Run148,2,2,0,0
T4Run149,2,2,0,1
T4Run150,2,2,0,2
T4Run151,2,2,0,3
T4Run152,2,2,0,4
T4Run153,2,2,0,5
T4Run154,2,2,0,6
T4Run155,2,2,1,0
T4Run156,2,2,1,1
T4Run157,2,2,1,2
T4Run158,2,2,1,3
T4Run159,2,2,1,4
T4Run160,2,2,1,5
T4Run161,2,2,1,6
T4Run162,2,2,2,0
T4Run163,2,2,2,1
T4Run164,2,2,2,2
T4Run165,2,2,2,3
T4Run166,2,2,2,4
T4Run167,2,2,2,5
T4Run168,2,2,2,6
T4Run169,2,3,0,0
T4Run170,2,3,0,1
T4Run171,2,3,0,2
T4Run172,2,3,0,3
T4Run173,2,3,0,4
T4Run174,2,3,0,5
T4Run175,2,3,0,6
T4Run176,2,3,1,0
T4Run177,2,3,1,1
T4Run178,2,3,1,2
T4Run179,2,3,1,3
T4Run180,2,3,1,4
T4Run181,2,3,1,5
T4Run182,2,3,1,6
T4Run183,2,3,2,0
T4Run184,2,3,2,1
T4Run185,2,3,2,2
T4Run186,2,3,2,3
T4Run187,2,3,2,4
T4Run188,2,3,2,5
T4Run189,2,3,2,6
T4Run190,2,4,0,0
T4Run191,2,4,0,1
T4Run192,2,4,0,2
T4Run193,2,4,0,3
T4Run194,2,4,0,4
T4Run195,2,4,0,5
T4Run196,2,4,0,6
T4Run197,2,4,1,0
T4Run198,2,4,1,1
T4Run199,2,4,1,2
T4Run200,2,4,1,3
T4Run201,2,4,1,4
T4Run202,2,4,1,5
T4Run203,2,4,1,6
T4Run204,2,4,2,0
T4Run205,2,4,2,1
T4Run206,2,4,2,2
T4Run207,2,4,2,3
T4Run208,2,4,2,4
T4Run209,2,4,2,5
T4Run210,2,4,2,6
T4Run211,3,0,0,0
T4Run212,3,0,0,1
T4Run213,3,0,0,2
T4Run214,3,0,0,3
T4Run215,3,0,0,4
T4Run216,3,0,0,5
T4Run217,3,0,0,6
T4Run218,3,0,1,0
T4Run219,3,0,1,1
T4Run220,3,0,1,2
T4Run221,3,0,1,3
T4Run222,3,0,1,4
T4Run223,3,0,1,5
T4Run224,3,0,1,6
T4Run225,3,0,2,0
T4Run226,3,0,2,1
T4Run227,3,0,2,2
T4Run228,3,0,2,3
T4Run229,3,0,2,4
T4Run230,3,0,2,5
T4Run231,3,0,2,6
T4Run232,3,1,0,0
T4Run233,3,1,0,1
T4Run234,3,1,0,2
T4Run235,3,1,0,3
T4Run236,3,1,0,4
T4Run237,3,1,0,5
T4Run238,3,1,0,6
T4Run239,3,1,1,0
T4Run240,3,1,1,1
T4Run241,3,1,1,2
T4Run242,3,1,1,3
T4Run243,3,1,1,4
T4Run244,3,1,1,5
T4Run245,3,1,1,6
T4Run246,3,1,2,0
T4Run247,3,1,2,1
T4Run248,3,1,2,2
T4Run249,3,1,2,3
T4Run250,3,1,2,4
T4Run251,3,1,2,5
T4Run252,3,1,2,6
T4Run253,3,2,0,0
T4Run254,3,2,0,1
T4Run255,3,2,0,2
T4Run256,3,2,0,3
T4Run257,3,2,0,4
T4Run258,3,2,0,5
T4Run259,3,2,0,6
T4Run260,3,2,1,0
T4Run261,3,2,1,1
T4Run262,3,2,1,2
T4Run263,3,2,1,3
T4Run264,3,2,1,4
T4Run265,3,2,1,5
T4Run266,3,2,1,6
T4Run267,3,2,2,0
T4Run268,3,2,2,1
T4Run269,3,2,2,2
T4Run270,3,2,2,3
T4Run271,3,2,2,4
T4Run272,3,2,2,5
T4Run273,3,2,2,6
T4Run274,3,3,0,0
T4Run275,3,3,0,1
T4Run276,3,3,0,2
T4Run277,3,3,0,3
T4Run278,3,3,0,4
T4Run279,3,3,0,5
T4Run280,3,3,0,6
T4Run281,3,3,1,0
T4Run282,3,3,1,1
T4Run283,3,3,1,2
T4Run284,3,3,1,3
T4Run285,3,3,1,4
T4Run286,3,3,1,5
T4Run287,3,3,1,6
T4Run288,3,3,2,0
T4Run289,3,3,2,1
T4Run290,3,3,2,2
T4Run291,3,3,2,3
T4Run292,3,3,2,4
T4Run293,3,3,2,5
T4Run294,3,3,2,6
T4Run295,3,4,0,0
T4Run296,3,4,0,1
T4Run297,3,4,0,2
T4Run298,3,4,0,3
T4Run299,3,4,0,4
T4Run300,3,4,0,5
T4Run301,3,4,0,6
T4Run302,3,4,1,0
T4Run303,3,4,1,1
T4Run304,3,4,1,2
T4Run305,3,4,1,3
T4Run306,3,4,1,4
T4Run307,3,4,1,5
T4Run308,3,4,1,6
T4Run309,3,4,2,0
T4Run310,3,4,2,1
T4Run311,3,4,2,2
T4Run312,3,4,2,3
T4Run313,3,4,2,4
T4Run314,3,4,2,5
T4Run315,3,4,2,6
T4Run316,4,0,0,0
T4Run317,4,0,0,1
T4Run318,4,0,0,2
T4Run319,4,0,0,3
T4Run320,4,0,0,4
T4Run321,4,0,0,5
T4Run322,4,0,0,6
T4Run323,4,0,1,0
T4Run324,4,0,1,1
T4Run325,4,0,1,2
T4Run326,4,0,1,3
T4Run327,4,0,1,4
T4Run328,4,0,1,5
T4Run329,4,0,1,6
T4Run330,4,0,2,0
T4Run331,4,0,2,1
T4Run332,4,0,2,2
T4Run333,4,0,2,3
T4Run334,4,0,2,4
T4Run335,4,0,2,5
T4Run336,4,0,2,6
T4Run337,4,1,0,0
T4Run338,4,1,0,1
T4Run339,4,1,0,2
T4Run340,4,1,0,3
T4Run341,4,1,0,4
T4Run342,4,1,0,5
T4Run343,4,1,0,6
T4Run344,4,1,1,0
T4Run345,4,1,1,1
T4Run346,4,1,1,2
T4Run347,4,1,1,3
T4Run348,4,1,1,4
T4Run349,4,1,1,5
T4Run350,4,1,1,6
T4Run351,4,1,2,0
T4Run352,4,1,2,1
T4Run353,4,1,2,2
T4Run354,4,1,2,3
T4Run355,4,1,2,4
T4Run356,4,1,2,5
T4Run357,4,1,2,6
T4Run358,4,2,0,0
T4Run359,4,2,0,1
T4Run360,4,2,0,2
T4Run361,4,2,0,3
T4Run362,4,2,0,4
T4Run363,4,2,0,5
T4Run364,4,2,0,6
T4Run365,4,2,1,0
T4Run366,4,2,1,1
T4Run367,4,2,1,2
T4Run368,4,2,1,3
T4Run369,4,2,1,4
T4Run370,4,2,1,5
T4Run371,4,2,1,6
T4Run372,4,2,2,0
T4Run373,4,2,2,1
T4Run374,4,2,2,2
T4Run375,4,2,2,3
T4Run376,4,2,2,4
T4Run377,4,2,2,5
T4Run378,4,2,2,6
T4Run379,4,3,0,0
T4Run380,4,3,0,1
T4Run381,4,3,0,2
T4Run382,4,3,0,3
T4Run383,4,3,0,4
T4Run384,4,3,0,5
T4Run385,4,3,0,6
T4Run386,4,3,1,0
T4Run387,4,3,1,1
T4Run388,4,3,1,2
T4Run389,4,3,1,3
T4Run390,4,3,1,4
T4Run391,4,3,1,5
T4Run392,4,3,1,6
T4Run393,4,3,2,0
T4Run394,4,3,2,1
T4Run395,4,3,2,2
T4Run396,4,3,2,3
T4Run397,4,3,2,4
T4Run398,4,3,2,5
T4Run399,4,3,2,6
T4Run400,4,4,0,0
T4Run401,4,4,0,1
T4Run402,4,4,0,2
T4Run403,4,4,0,3
T4Run404,4,4,0,4
T4Run405,4,4,0,5
T4Run406,4,4,0,6
T4Run407,4,4,1,0
T4Run408,4,4,1,1
T4Run409,4,4,1,2
T4Run410,4,4,1,3
T4Run411,4,4,1,4
T4Run412,4,4,1,5
T4Run413,4,4,1,6
T4Run414,4,4,2,0
T4Run415,4,4,2,1
T4Run416,4,4,2,2
T4Run417,4,4,2,3
T4Run418,4,4,2,4
T4Run419,4,4,2,5
T4Run420,4,4,2,6
